[gd_scene load_steps=4 format=3]

[ext_resource type="PackedScene" uid="uid://ddlk84p0x8jfw" path="res://Core/Obstacles/brick_obstacle.tscn" id="1_63quk"]
[ext_resource type="PackedScene" path="res://Core/Collectables/collection_patch_4.tscn" id="2_qvrt3"]
[ext_resource type="PackedScene" uid="uid://oeyhy4u6gh8y" path="res://Core/Obstacles/dirt_blob_1.tscn" id="3_o7iht"]

[node name="Brick_Pattern1" type="Node3D"]

[node name="Brick_Obstacle" parent="." instance=ExtResource("1_63quk")]
transform = Transform3D(0.707107, 0.707107, 0, -0.707107, 0.707107, 0, 0, 0, 1, -5.37553, -3.39597, 0)

[node name="Brick_Obstacle2" parent="." instance=ExtResource("1_63quk")]
transform = Transform3D(0.707107, 0.707107, 0, -0.707107, 0.707107, 0, 0, 0, 1, 1.85788, -3.39597, 0)

[node name="Brick_Obstacle3" parent="." instance=ExtResource("1_63quk")]
transform = Transform3D(0.707107, 0.707107, 0, -0.707107, 0.707107, 0, 0, 0, 1, 9.02207, -3.39597, 0)

[node name="CollectionPatch1" parent="." instance=ExtResource("2_qvrt3")]
transform = Transform3D(1, 0, 0, 0, 1, 0, 0, 0, 1, -3.07065, 1.16732, 0)

[node name="CollectionPatch2" parent="." instance=ExtResource("2_qvrt3")]
transform = Transform3D(1, 0, 0, 0, 1, 0, 0, 0, 1, 3.47107, 1.16732, 0)

[node name="DirtBlob" parent="." instance=ExtResource("3_o7iht")]

[node name="DirtBlob2" parent="." instance=ExtResource("3_o7iht")]
transform = Transform3D(0.866025, 0, -0.5, 0, 1, 0, 0.5, 0, 0.866025, 4.77112, 0, 0)

[node name="DirtBlob3" parent="." instance=ExtResource("3_o7iht")]
transform = Transform3D(0.258819, 0, -0.965926, 0, 1, 0, 0.965926, 0, 0.258819, 10.7711, 0, 0)

[node name="DirtBlob4" parent="." instance=ExtResource("3_o7iht")]
transform = Transform3D(0.258819, 0, -0.965926, 0, 1, 0, 0.965926, 0, 0.258819, -7.22888, 0, 0)
